 33 
 34 
 37 
 35 
 38 
 0 
 3 
 1 
 2 
 3 
 0 
 2 
 0 
 4 
 0 
 3 
 5 
 2 
 0 
 2 
 3 
 0 
 2 
 3 
 0 
 2 
 3 
 0 
 6 
 0 
 2 
 7 
 2 
 0 
 2 
 3 
 0 
 3 
 0 
 2 
 4 
 0 
 2 
 1 
 0 
 2 
 3 
 0 
 2 
 5 
 0 
 6 
 5 
 2 
 0 
 5 
 2 
 0 
 7 
 2 
 0 
 1 
 2 
 0 
 2 
 7 
 6 
 0 
 2 
 0 
 5 
 6 
 2 
 0 
 1 
 0 
 1 
 3 
 5 
 0 
 5 
 1 
 5 
 4 
 0 
 4 
 0 
 1 
 6 
 5 
 7 
 1
 0 
 7 
 4 
 0 
 7 
 1 
 0 
 1 
 4 
 0 
 4 
 1 
 0 
 1 
 6 
 1 
 7 
 3 
 0 
 1 
 2 
 3 
 1 
 3 
 2 
 4 
 7 
 2 
 1 
 2 
 3 
 4 
 1 
 4 
 3 
 2 
 1 
 3 
 4 
 1 
 3 
 1 
 2 
 6 
 2 
 1 
 5 
 4 
 2 
 1 
 2 
 1 
 7 
 0 
 1 
 2 
 3 
 1 
 4 
 5 
 1 
 6 
 1 
 3 
 7 
 1 
 4 
 3 
 6 
 5 
 1 
 4 
 7 
 1 
 2 
 4 
 7 
 6 
 5 
 4 
 3 
 1 
 4 
 3 
 1 
 3 
 5 
 3 
 1 
 3 
