 166
 42 
 42 
 42 
 42 
 42 
 0 
 0 
 0 
 1 
 1 
 1 
 2 
 2 
 2 
 3 
 3 
 5 
 6 
 7 
 4 
 2 
 4 
 0 
 4 
 6 
 3 
 1 
 5 
 3 
 5 
 4 
 2 
 1 
 5 
 4 
 5 
 8 
 8 
 8 
 8 
 8 
 6 
 2 
 5 
 7 
 1 
 6 
 1 
 1 
 1 
 0 
 0 
 0 
 3 
 3 
 3 
 2 
 8 
 2 
 6 
 0 
 5 
 6 
 4 
 7 
 4 
 1 
 5 
 3 
 2 
 5 
 4 
 3 
 2 
 6 
 1 
 4 
 5 
 6 
 1 
 3 
 0 
 6 
 7 
 4 
 2 
 5 
 4 
 5 
 0 
 0 
 0 
 2 
 2 
 2 
 4 
 3 
 3 
 3 
 1 
 1 
 1 
 3 
 7 
 5 
 8 
 1 
 6 
 0 
 5 
 2 
 6 
 4 
 5 
 3 
 2 
 5 
 4 
 5 
 6 
 0 
 1 
 4 
 7 
 2 
 4 
 6 
 3 
 1 
 6 
 5 
 0 
 0 
 1 
 1 
 2 
 2 
 3 
 3 
 4 
 4 
 0 
 5 
 5 
 1 
 7 
 6 
 2 
 5 
 4 
 7 
 3 
 8 
 6 
 1 
 2 
 4 
 3 
 4 
 6 
 4 
 5 
 2 
 5 
 3 
 6 
 0 
 1 
 3 
 5 
 2 
 6 
 1 
 5 
 5 
 2 
 2 
 1 
 1 
 3 
 3 
 4 
 4 
 0 
 0 
 6 
 3 
 1 
 7 
 2 
 0 
 6 
 5 
 2 
 5 
 6 
 7 
 1 
 3 
 6 
 5 
 8 
 5 
 3 
 2 
 4 
 6 
 0 
 4 
 8 
 8 
 8 
 8
8
8 
